,370,acusación,acusado,además,agosto,alzada,antecedentes,análisis,apelación,aplicable,aplicación,art,arts,así,auto,autos,años,base,bien,cada,casación,caso,comisión,conducta,conforme,consecuencia,considerando,constitucional,contradicción,contradictorio,corresponde,cp,cpp,cuanto,cuenta,cumplimiento,código,debe,debido,decir,declaró,defecto,defectos,defectuosa,defensa,delito,delitos,dentro,denuncia,departamental,derecho,derechos,doctrina,efecto,elementos,ello,embargo,errónea,establece,establecido,existe,existencia,fallo,falta,forma,fs,fundamentación,haber,hecho,hechos,homicidio,impugnado,imputado,inc,judicial,juez,juicio,jurídica,justicia,legal,lesiones,ley,manera,marzo,mayo,mediante,ministerio,misma,mismo,momento,motivo,motivos,norma,normas,nº,octubre,oral,parte,partes,particular,pena,penal,persona,precedente,precedentes,presente,previsto,principio,procedimiento,procesal,procesales,proceso,prueba,pruebas,puede,pues,público,recurrente,recurso,recursos,refiere,relación,requisitos,resolución,respecto,restringida,sala,segundo,sentencia,ser,señala,si,sido,siendo,siguientes,sino,situación,supremo,supremos,sustantiva,tiempo,tipo,toda,tribunal,tribunales,valoración,vez,vista,vta,víctima
370,0,30070,22218,26641,15955,80892,17626,29516,97309,17552,45974,150961,44018,34412,147009,27268,18018,19858,26338,21754,53706,53790,24234,33093,33033,20491,10916,14247,31174,16877,17016,52415,98884,27509,25996,13682,28113,44231,57190,26958,12842,46633,20541,18908,29223,80727,36266,22950,37418,11975,65723,24117,36399,18877,25035,27764,22545,23752,17463,17938,15612,21968,24850,29580,33558,29135,69864,23249,72261,68629,12779,29376,35428,42555,24620,25860,60211,20692,40510,48941,38580,46697,46895,12988,19310,11212,17845,19167,29187,16875,63451,22963,28682,21151,8239,11687,16054,61800,18827,14406,48767,125315,32116,28977,25304,43826,32044,38145,24471,20190,14621,84831,96289,32477,27283,23773,23228,56304,104690,17191,17990,58578,19189,53692,46652,50461,32697,17231,208181,54848,19266,56742,21975,25924,10108,26807,15218,64511,15585,19991,23327,36743,15821,218796,15234,43395,16549,91982,12518,18332
acusación,30070,0,39360,56113,36654,162451,29765,51711,184930,32137,73798,280412,80065,80876,276167,47027,42151,38320,58967,40424,73014,109550,52586,71218,59631,40516,9683,32413,54412,27866,32996,119350,168397,48116,51016,26178,39998,86964,144123,63490,18418,89134,28406,40189,67413,190664,96793,38446,79612,12071,146656,50191,69240,26353,48050,75042,57737,35927,26933,35785,27209,35639,44705,57606,73175,64547,103769,64339,153507,174580,14075,51765,67246,62622,39689,47598,103960,34327,53717,93686,124578,70071,102907,20275,61519,27772,36759,39432,65068,30008,160374,40823,60613,44026,9403,22296,24284,115846,30475,27918,99286,234608,98911,54262,38572,99145,43082,79522,36298,42234,24280,204500,159977,60234,65354,54183,43526,97593,172354,25691,29896,132860,41186,87854,78709,90782,50251,38873,420633,116002,37513,133790,53209,51558,13220,69092,24908,99180,27322,29580,58454,82314,19181,403215,19059,67448,26272,166706,25929,21296
acusado,22218,39360,0,32727,19283,95042,18988,33910,110359,19935,52777,160962,44521,42283,161773,28826,23747,23471,31004,23299,54001,62630,28695,44096,36488,24323,11482,16952,33072,16893,20173,62556,97485,32400,29169,13634,29550,51932,66641,32400,14129,45610,16852,19138,32303,104016,45619,25759,42053,12154,74576,26357,41005,22526,30869,35896,26098,27874,18145,20356,16411,23459,30034,34032,38748,32726,73426,29421,89262,89436,13957,31623,53920,38206,25140,29528,68542,24791,41871,56066,48940,53787,55674,16227,25293,12786,21482,22276,36279,19417,75373,25169,32844,23720,7085,11527,16814,69160,20598,17063,60644,146488,43171,28999,24180,50851,29577,43688,26160,22088,15551,101119,111339,36458,33109,27470,27728,59534,109542,19207,19408,68799,18594,58582,51864,55607,34891,20172,240131,65100,20416,68349,27851,29825,9648,35642,17918,69386,16333,24050,26783,46447,18269,255491,15974,47557,20525,98852,14357,30541
además,26641,56113,32727,0,26761,131663,25308,44740,150978,25401,64786,222879,62753,63035,219794,40451,32885,32080,43265,33900,72769,89241,40426,60091,50705,33197,11511,24964,44308,23945,26023,89725,132196,41300,40677,20547,40427,71313,99465,47126,17325,65999,24512,29493,44806,140847,67959,33303,59626,13558,107379,39338,53457,24877,41893,52797,39878,31719,24596,27219,21678,33030,37313,46803,59196,50036,96578,45918,117913,127085,15122,44246,61491,48897,35969,41754,85113,30668,54152,73442,82961,65484,81877,18686,43010,19460,30236,30549,50861,25832,111102,35001,47499,34666,11338,17421,20925,93601,27340,21271,82254,197225,65732,42830,34314,72789,37199,60532,37027,35054,21982,148420,140592,48561,47848,42569,37154,79022,150274,24775,24102,97988,29938,77937,71677,74595,46776,29688,327088,92689,27966,97938,37397,43034,13162,55080,22680,88357,22457,26796,41596,62010,21337,342067,20115,62930,25919,135569,20613,25074
agosto,15955,36654,19283,26761,0,80878,17962,28057,96219,16700,39081,146310,45506,36767,165102,32682,22488,17668,28835,19735,52701,57455,25576,34776,31771,20948,7201,19053,32680,18667,17670,56665,88588,24575,25990,16228,26350,43975,71027,30914,10864,45166,18133,22470,32059,91311,46146,21823,42169,8319,71366,29240,35770,15652,22152,35024,28528,20384,16130,19244,15539,20167,23437,30252,36382,47675,55064,29239,70607,73757,10236,31912,28950,33994,24216,24449,52233,16025,39210,49538,55237,42418,48900,13860,29976,18770,21644,18998,32937,15145,77542,21635,30083,22870,10477,15417,13298,63506,15864,13244,48798,130491,45053,33853,27179,52388,25416,37155,25154,25249,14854,104105,84449,30016,31321,26492,25901,59741,108088,15023,17188,66086,25809,50246,42601,49267,31979,20347,205853,58313,21233,64002,25098,25644,9179,30184,15626,64231,19188,15853,31204,40552,11234,209512,12768,34725,14667,99236,18559,12540
alzada,80892,162451,95042,131663,80878,0,71444,128640,446108,78158,191787,648859,185807,177526,651016,119490,90604,89663,128250,96427,200430,247193,117027,167723,141324,95242,31233,66709,133984,70055,78274,267021,395166,118255,117106,61219,104841,201865,310200,138380,49685,206135,73974,87577,133507,416472,198680,92891,186987,37478,313294,110505,164849,72476,117863,159247,122977,97877,67220,80531,64330,93752,109079,141116,166949,116360,281044,136904,341289,368413,42368,131091,163693,149906,95534,114386,248719,84581,143048,223086,252092,182548,238815,50874,119881,46943,82018,86868,145001,71289,350994,103380,138023,100927,25205,49150,56942,273504,73009,58755,244463,546577,201098,129415,101274,216599,108342,172428,97388,83717,59957,426443,421380,143545,141009,121336,101559,240936,428606,68606,71163,290978,92694,224036,200463,220882,126936,89166,960887,262277,84694,293509,110452,123095,34882,151447,67934,259283,70002,79581,124234,185942,56373,1009033,55679,186835,68521,406934,50535,60479
antecedentes,17626,29765,18988,25308,17962,71444,0,27658,89086,15335,38655,139979,41848,33298,148097,28876,22289,17290,25512,18566,60160,53584,24494,30635,31952,19837,10395,15196,29772,17298,16854,50309,82044,24689,24733,15307,31811,41447,55501,26214,12003,38842,17420,18522,27301,81440,38125,22002,35355,10995,63522,26310,32152,16400,21305,28567,22646,19275,17394,17919,14344,20372,21967,27531,33124,44389,56220,24082,66644,63299,14338,29471,33321,32289,25833,24672,49841,16717,45275,45739,42015,44518,42548,13483,22844,15801,21490,17305,29675,15801,60774,20563,27594,21465,12177,12886,13953,60320,17411,13378,52294,130133,35019,30278,25255,45523,26312,33699,27812,24059,16073,88103,81101,26826,26732,24176,25873,56109,113325,16390,15268,55410,22431,49344,40780,47401,35721,18109,186842,54234,17434,54517,21863,23057,11121,27072,14589,62892,15642,15814,26121,34249,13460,201487,14581,34962,15718,91856,17301,16438
análisis,29516,51711,33910,44740,28057,128640,27658,0,153598,26721,68820,228533,64603,58995,238445,44003,34260,32092,42687,32752,85418,90453,39803,56676,52847,34336,14071,26191,46840,26267,28033,85191,139493,42599,41710,22265,43032,72947,94769,44874,19309,64248,26385,31032,44405,135800,64565,35104,59227,16970,106201,41467,54972,28491,41044,49128,37969,33565,28047,28475,23632,34587,37744,47006,56694,63780,99496,42031,117335,116559,19678,46682,61494,53014,39782,43852,90254,31390,64545,75791,71899,70852,77011,21877,39907,25057,32738,30660,49631,26367,104127,35117,46994,33303,12821,20130,23208,97920,28810,22411,81666,206025,58188,45239,37820,73668,41905,60735,38550,39708,23964,147513,146719,46791,46721,40546,40375,86009,166689,26456,25966,96151,31544,82933,73355,77406,52547,29409,324534,92826,30062,93890,36236,43182,15106,49451,24687,100277,24996,27845,41329,60256,22944,350575,23337,66159,26259,143967,25948,28512
apelación,97309,184930,110359,150978,96219,446108,89086,153598,0,89848,224475,773417,218726,201681,809029,148058,108561,104040,144420,112401,275778,299822,134243,182964,173178,112912,41078,86460,159299,89738,91082,289242,473382,137806,136390,75412,142263,241218,343982,156477,60852,231759,93685,107608,154913,463150,218959,115102,208004,52364,370075,140812,191287,88919,132130,175208,135965,109524,87108,96872,76329,112305,125103,161915,194419,200494,324516,149261,388016,406167,61373,159407,194422,177811,128930,136554,298472,100368,203390,259585,264231,227436,270069,69798,142546,78032,108748,103687,170262,84072,382804,124997,161788,116197,40759,67685,74706,327230,91585,73899,264737,675782,212666,157254,127606,250934,137639,204950,133206,128269,79090,506989,479443,159908,158927,141705,131656,295233,573105,85032,86120,328352,113545,279871,237562,280980,170969,101941,1098953,309732,102449,324960,126130,142868,49280,169809,79613,326958,84850,89997,145504,203546,70925,1181042,74116,213018,83386,494764,80354,80610
aplicable,17552,32137,19935,25401,16700,78158,15335,26721,89848,0,41238,134146,37837,34988,138802,25531,18640,18627,26022,19771,44533,52783,23620,33847,30018,19291,8303,14626,27931,14892,15751,51244,78979,24794,23537,12727,27465,42943,57934,27047,10699,39976,14928,17284,25860,83602,39545,20357,34921,9051,62287,22377,37616,16905,23465,29711,23149,20075,14661,16619,13667,19525,22385,28002,31740,27724,58129,25362,68877,70833,11324,26847,34726,30389,21333,24462,52235,18417,33913,49111,44753,41167,45316,11612,22019,11054,16907,18389,28922,14533,63692,20480,27605,19880,8823,10921,12899,56929,16888,12933,48946,122186,36571,26575,21195,43443,23939,36572,23713,18696,12940,85086,84630,28036,28222,23749,21613,47759,90824,14077,15108,56697,16982,48389,40511,44733,29104,17273,192353,53471,17268,56557,21718,24353,8092,28534,14411,59861,14463,16873,23214,37757,13223,203432,13402,38179,14918,84349,11744,14520
aplicación,45974,73798,52777,64786,39081,191787,38655,68820,224475,41238,0,343429,95387,87152,344354,62777,47917,48945,61090,48429,125919,135601,59549,83966,76378,52220,23088,39206,67758,40281,40799,123991,205233,61766,60180,31320,72081,110739,135993,63352,27964,91651,39466,41287,62678,201881,92072,52515,82245,25088,156978,61732,83699,42804,61549,70364,52112,56517,42610,42160,34858,50910,55051,66759,81596,73713,149138,59250,174544,174560,32822,65855,99339,76976,57567,65365,138637,50150,93151,113447,98185,115058,113987,30457,52124,28097,47124,48859,73186,39115,145575,51002,71761,49938,23184,27138,33901,142827,43847,32877,122883,313823,80785,66136,56801,102740,63207,95060,68512,53951,34558,206577,212858,67953,69793,57415,59293,121574,242440,39537,40620,137030,41809,123097,112777,112580,76684,41097,477090,135677,47832,134313,52333,67247,23483,71327,38445,149799,35674,47390,54863,90140,35794,518056,35829,98093,40041,212689,31902,48624
art,150961,280412,160962,222879,146310,648859,139979,228533,773417,134146,343429,0,346371,306483,1200155,221492,179500,156158,219421,165642,422413,460473,206742,276992,269534,171100,68548,136380,235268,134943,139634,451736,728339,206947,209507,116024,230555,359927,506688,234422,93555,341973,137752,157121,238419,715775,343726,178776,306247,78521,567956,223172,280979,131175,196403,260048,201379,163180,140338,150502,116926,168370,185741,234018,293831,309535,480350,222392,589266,603266,97979,234736,296796,279689,198356,211480,438680,149882,319297,388941,397886,355189,394699,103045,209720,116349,166817,159346,258805,130172,558569,176671,246037,178976,71741,101308,112480,498643,140560,112647,423326,1052890,322893,237077,191558,382159,219155,307626,210854,194350,121465,766350,696345,237162,241207,212432,203363,439537,849074,127357,133345,493274,171434,409917,357588,394163,262726,152449,1648536,467962,156993,483572,191405,214960,77753,252913,120980,493750,123653,135633,220375,305522,109063,1732522,111688,305140,127814,736266,124058,128070
arts,44018,80065,44521,62753,45506,185807,41848,64603,218726,37837,95387,346371,0,86637,350848,67882,52230,41111,63671,46755,124709,128742,59284,76746,73805,48236,20793,38322,71847,40941,40136,134006,212712,57466,62217,36125,66211,100301,154927,68460,26336,101693,43825,45936,71079,203216,105613,51345,92185,20987,163995,65741,79215,35465,51893,76003,60978,47132,38391,44216,34175,46889,53820,68219,84444,88579,136311,64625,163915,167323,27064,71306,72158,82257,56564,55293,118336,37677,89866,112440,121789,101028,110083,29373,60836,32676,46980,43611,73042,36284,170709,49714,70373,55271,23017,29787,30896,142148,36754,31358,133788,294055,96863,73822,61121,113129,61415,82599,61344,52106,34779,224703,188435,69527,68425,59953,57296,136007,251384,36716,37770,146776,56707,113526,98405,114283,74007,44544,466702,131567,45548,140412,55390,59010,22356,69332,33755,139144,38827,38368,66554,86084,27635,478912,30414,81111,33668,220493,36204,28130
así,34412,80876,42283,63035,36767,177526,33298,58995,201681,34988,87152,306483,86637,0,296890,51884,47094,42458,60722,46367,92050,120711,55835,81815,67340,45185,15226,34889,58147,31404,35473,125359,178000,53530,55816,28181,55543,96910,141309,64659,21557,89739,31461,40992,63826,197619,98738,44279,80338,15640,151089,54702,73480,31690,56095,75015,56124,41415,32411,37718,29068,43025,48686,62653,80172,68019,124242,65540,161320,177394,19153,56327,78839,65401,46278,56215,113407,38621,65709,100390,122234,84342,112099,23210,61185,28027,40893,42137,70508,34731,156408,45634,65157,47794,16150,23965,27159,125134,35116,28130,117587,270241,95237,56866,43276,100397,49280,79229,50168,46600,29074,207774,182810,64573,67078,57796,49702,102900,196596,30873,32120,136771,41070,99865,92057,99477,59909,40766,443767,126614,39500,136733,52251,59615,17016,74803,28767,114477,29220,34819,58294,85695,26678,452064,24478,81874,32425,180938,27279,29881
auto,147009,276167,161773,219794,165102,651016,148097,238445,809029,138802,344354,1200155,350848,296890,0,257465,180839,155767,217615,164763,493940,480785,209826,265535,264631,180444,73525,148865,263987,163381,144166,423116,723295,202482,216771,128517,256649,373472,520312,234151,98019,343486,151765,183654,238779,704700,339359,185413,312535,86635,558619,230192,298203,141399,186767,256516,206680,169081,147582,157109,125814,172613,187277,245164,288497,431177,490058,214257,580667,577826,113732,261116,284241,274525,219814,217183,459815,148567,362868,406829,380802,369658,390893,125638,230215,168320,184560,163923,267708,130688,563417,183418,240736,177431,99252,126476,117879,517948,142999,115995,402470,1114096,312513,276809,223392,397436,223905,310997,225882,231358,129104,802625,706719,233284,242943,209502,220777,478481,956598,134323,144596,508014,188619,440939,383808,418000,290338,156744,1663141,474098,175978,484284,188782,217609,88284,236791,133973,573110,142818,135337,230389,305502,109537,1793139,123883,304735,130036,846586,165559,125834
autos,27268,47027,28826,40451,32682,119490,28876,44003,148058,25531,62777,221492,67882,51884,257465,0,31412,27553,40982,28229,105406,87425,38647,46416,49646,31840,14014,25805,54753,34178,27033,76730,134034,36679,37610,26418,50802,65611,95287,44141,18109,64824,30760,30107,42487,128814,61210,36429,59818,16643,102873,43148,55048,25382,32286,47124,38775,32018,28616,28768,24787,33582,35080,44577,52857,66445,90171,38833,104817,101544,23408,54593,45803,52509,40626,35594,78455,27296,76429,76836,68625,70731,69465,24350,37460,21323,32527,29573,49005,23798,106418,34261,45917,34530,19291,23250,20364,97675,25329,20993,72943,208639,56405,57368,50546,74206,41181,55826,42663,37257,24092,139222,128315,42167,43400,39423,39653,99256,189074,26258,26546,89764,41533,81780,69390,77889,58436,29951,296789,85969,31764,87338,35292,37620,17532,41841,25710,108953,33828,25142,44638,57975,18676,327296,25503,55089,23512,166689,26595,21915
años,18018,42151,23747,32885,22488,90604,22289,34260,108561,18640,47917,179500,52230,47094,180839,31412,0,21564,31982,24616,58431,72905,31951,43402,40254,26618,10766,22532,32144,17781,21474,70981,101345,31320,33776,16563,36217,55022,74403,34748,13565,46224,17095,26242,35629,112139,58939,26539,42995,11511,80968,35545,38711,19479,28340,39041,30038,22217,21915,23164,17181,22876,26148,33756,43983,69610,65342,33061,85865,87049,16524,31897,46895,38432,31179,35290,61667,20411,46240,55591,62476,51925,56287,16642,38080,28370,29308,22552,38907,19757,79378,23985,34844,25473,10048,17587,16779,72344,19535,16827,82642,167923,50488,32416,25208,59655,30840,43163,30238,36998,18308,126383,93056,32000,36643,30349,33913,60427,120507,19191,19205,75128,23921,59065,50648,55398,37730,22691,238318,70378,23647,71936,28216,31158,11706,38716,17766,69008,17200,18753,35620,44242,15543,253159,15671,39393,18861,102053,25117,20892
base,19858,38320,23471,32080,17668,89663,17290,32092,104040,18627,48945,156158,41111,42458,155767,27553,21564,0,28431,23067,55118,63114,27472,40419,36421,23819,9597,17735,30216,17350,18073,57879,90986,28799,27952,13808,32374,51579,62746,30692,12476,42693,16532,20054,29913,94476,43162,23691,38136,10799,73152,27149,37665,19083,30783,33765,24879,22399,19364,18646,16549,23859,25628,30604,40019,38100,67952,29666,82860,87002,12683,29911,45632,33888,26595,31470,64297,23935,40926,51077,48704,48178,54571,14254,27135,15029,21717,22832,35095,18582,68283,23789,32334,22544,9668,12200,15959,65014,21325,15402,52772,144372,39556,29117,23870,47066,27545,45474,27994,26947,16139,98967,105393,32885,33065,28245,26943,53298,107072,17795,17958,64677,17868,55636,52503,51611,34751,19345,225814,64769,20065,64176,24645,30709,10436,36786,16878,66144,15184,18957,26162,41938,16346,245521,15565,48358,18940,93877,15576,20930
bien,26338,58967,31004,43265,28835,128250,25512,42687,144420,26022,61090,219421,63671,60722,217615,40982,31982,28431,0,31332,65916,86621,39455,60234,47936,31093,10638,22315,46990,23006,27654,90931,130387,40451,39268,21806,37232,69198,105354,49145,16089,70224,24040,29182,46539,146286,71441,32378,62559,12416,112145,38564,56286,24060,38910,56404,44662,31666,21796,27587,21613,31625,36155,46140,55812,43086,86439,47240,120012,121631,12826,42626,51334,50706,32097,38141,79471,27380,49276,76680,87325,61842,78344,16511,40988,17587,28021,28774,51121,24351,117588,32276,47931,34717,10966,16012,19313,95906,24577,20860,81541,192737,71318,44126,32675,77993,35693,56126,34023,28595,20666,147407,133686,47479,49863,43091,35006,81687,143998,21922,23217,99477,33879,72136,60088,72339,43968,31209,320748,91822,27498,107026,39849,38179,11898,51222,22097,87185,23501,25899,44033,68313,17903,319098,18134,58244,22569,134501,17923,21874
cada,21754,40424,23299,33900,19735,96427,18566,32752,112401,19771,48429,165642,46755,46367,164763,28229,24616,23067,31332,0,50096,65614,29871,43829,37055,24238,8934,18928,31552,16146,19674,65813,98863,30418,31008,14925,30614,54348,74543,34358,12421,49960,18069,23223,34227,103028,50578,24293,43024,9933,80247,29386,40993,18249,30787,38597,29150,23229,17751,20916,16178,23277,27558,35346,43012,42899,73938,33130,85050,90944,11311,30806,42043,37620,27008,33204,64328,22546,37541,55504,60649,48220,60633,13791,32521,18084,22900,22124,36872,18421,80789,25927,33867,25075,8071,14136,16379,68934,20807,15834,62059,146584,47985,29330,23923,53522,28749,42770,29152,27390,16314,114002,102131,36121,35375,30715,28000,55470,109382,17991,18095,72403,21127,58380,50503,55539,32644,21217,243048,67732,21233,71847,26861,31662,9552,38948,15939,63953,16226,19865,30335,45066,16089,250135,14316,45587,18371,97725,16981,16091
casación,53706,73014,54001,72769,52701,200430,60160,85418,275778,44533,125919,422413,124709,92050,493940,105406,58431,55118,65916,50096,0,161689,73135,75662,100599,61148,38893,49539,101939,72873,49801,120307,240042,70820,68897,53513,135950,125162,133299,69502,40603,98186,61111,48951,67106,213386,91108,75834,94523,40229,181008,84380,95028,51623,60715,70018,55854,57352,64772,54642,46631,67566,61841,77021,97064,153177,174759,60265,187528,169375,59945,103273,104192,92010,93106,71286,152046,56608,186186,137168,89062,151098,114146,50307,55804,44482,67691,56415,92469,48680,150069,65105,84560,64352,58110,43070,42404,182820,58083,43090,130143,443034,73139,113549,101877,118982,89134,104937,110929,84339,56940,226169,241687,71538,71630,70087,83478,186208,435567,60043,47213,146619,74522,158541,137710,152913,139314,50353,528532,158479,54812,133190,56809,70132,47723,73538,51213,231482,54666,48161,72671,87375,43417,634550,60075,107612,49870,324317,62008,56225
caso,53790,109550,62630,89241,57455,247193,53584,90453,299822,52783,135601,460473,128742,120711,480785,87425,72905,63114,86621,65614,161689,0,80205,114573,104064,69833,24999,59089,90629,52094,55701,168320,269854,80269,82910,43119,91512,149659,192901,92186,35902,126537,50250,67320,88897,278097,139256,70123,114669,31013,215777,90441,110870,52306,79641,102644,77295,62158,55332,58248,46651,65820,71516,89804,115532,153060,183205,86369,231303,236544,36986,87538,120142,101310,81840,90643,175736,62125,125559,151840,152176,142131,155216,42866,90193,62296,69846,64813,103538,51416,208270,68168,96455,67400,32337,43768,44960,196235,55995,44637,161600,426642,123387,92077,72322,153959,80920,121698,81120,91345,47281,313546,271629,90080,97684,83650,84370,163704,329895,49192,54288,193696,62346,164095,143927,150729,102448,59061,644450,188866,64917,191054,74333,86056,30219,101812,49954,194864,47117,52510,86097,122269,42158,684753,45015,119498,50701,280381,57425,51752
comisión,24234,52586,28695,40426,25576,117027,24494,39803,134243,23620,59549,206742,59284,55835,209826,38647,31951,27472,39455,29871,73135,80205,0,51970,44834,29755,12014,22629,41256,23218,24459,81621,118666,36503,36213,20281,42759,64078,91574,41918,15991,60085,22225,26729,41461,133453,64002,31279,53274,12656,98048,36036,49690,22182,34774,47905,36299,28372,22863,25788,20096,28905,32966,42062,51119,51906,82857,41182,106702,112260,17052,40656,53274,45644,33751,37838,74462,26378,52809,68222,76843,60815,70504,16866,38439,19257,28630,27413,46575,22647,100563,29749,43692,31750,13840,17259,17986,85180,23974,19724,78784,191634,61041,41603,33218,67624,36884,53132,37141,31140,20073,135337,118523,41977,42841,38094,34637,73505,146227,22256,22085,88307,29466,69415,60781,67821,45709,26977,293773,82358,26253,87296,34021,38072,13090,46366,20896,84217,21246,24517,39326,56804,17657,303440,18694,52738,21733,129757,21080,20433
conducta,33093,71218,44096,60091,34776,167723,30635,56676,182964,33847,83966,276992,76746,81815,265535,46416,43402,40419,60234,43829,75662,114573,51970,0,62045,41347,13583,31002,53060,25505,33399,122348,158488,53606,51709,23395,47374,92253,128235,60314,20018,82878,25802,39292,56713,192013,93588,40843,73814,14704,133557,46395,69418,31864,58819,69999,50511,42799,28094,32884,27354,42266,47477,59511,75059,64013,120782,60365,156083,166939,15102,50391,79942,59994,41479,53426,106113,39815,54830,93738,111239,84077,105760,19854,57183,29096,35349,37140,65119,33176,141596,40491,60528,42752,11293,21520,24036,114872,32479,26515,109809,258851,88453,48247,37231,93065,45392,74980,40594,42555,25123,193017,177625,60414,63096,53418,46017,89032,162899,30061,29519,127872,33031,91480,84963,87166,51777,37772,419909,118515,35674,128826,47171,55779,13447,72966,28495,103112,26294,37109,51549,92352,25228,424725,22845,81276,31344,155673,25360,29424
conforme,33033,59631,36488,50705,31771,141324,31952,52847,173178,30018,76378,269534,73805,67340,264631,49646,40254,36421,47936,37055,100599,104064,44834,62045,0,38352,16499,31889,51989,28566,32344,95798,159747,48147,46209,25545,55493,83255,105114,51140,22444,72222,30248,33573,50533,155037,73024,40572,65795,20555,125668,50739,62664,31411,45163,54780,42930,35488,33502,33738,27046,39236,41557,52335,65970,73909,108182,47072,132464,131255,24421,52130,72807,59912,46634,52491,101154,36690,79418,86294,79173,81363,86634,24461,43966,26813,38542,35454,57944,30326,114731,41068,53677,37413,16873,23111,27654,114823,34771,26612,91043,244712,66190,50097,41083,83304,50064,71591,51176,46148,29097,167372,164113,52902,54187,47943,47415,97405,195709,29418,29612,105873,35386,95793,81129,88733,63167,33426,365728,107424,33112,105597,42031,47210,19348,56554,28013,115467,27269,29719,47162,67209,27863,397289,27576,72224,31705,160088,29289,34347
consecuencia,20491,40516,24323,33197,20948,95242,19837,34336,112912,19291,52220,171100,48236,45185,180444,31840,26618,23819,31093,24238,61148,69833,29755,41347,38352,0,9848,20584,33375,20957,20750,62485,103194,30804,30936,16096,34397,55888,73261,33263,13237,47008,20246,24222,33694,101501,49088,25087,43069,11305,79856,32483,40711,20417,29666,36831,28759,24391,21465,21586,17269,24742,26612,33569,42768,50167,71376,31451,87184,89745,15904,32158,46985,37218,29631,32894,70987,23169,45272,55934,55541,52045,59353,15853,31509,19486,24425,24675,38160,20183,78348,25872,34497,25017,10003,15325,17482,71972,21381,16269,60245,155860,44324,34307,28023,54205,30031,47369,30151,31742,18190,112938,105842,34147,36053,29631,30127,61607,121214,18389,20160,73011,22600,60553,58650,57140,37076,21671,240325,69260,25707,70905,27349,34704,11282,37754,19037,72369,17967,20125,30805,44817,16899,259873,16482,46736,19787,109153,19800,20368
considerando,10916,9683,11482,11511,7201,31233,10395,14071,41078,8303,23088,68548,20793,15226,73525,14014,10766,9597,10638,8934,38893,24999,12014,13583,16499,9848,0,6823,14322,9474,8030,18740,34813,13008,11862,7606,28165,21831,17224,9358,6349,14328,8093,6761,10893,33006,14839,12380,12063,6458,27025,11017,14982,10170,11115,8764,6929,10507,10451,8600,7519,9642,10970,11935,13451,23555,31785,8022,30459,25637,10790,13551,17337,14806,15253,14115,25977,9786,26580,21671,9074,27251,16931,7839,6496,7417,10724,8753,13842,8434,16952,9429,12365,10500,12884,6046,7208,27635,11230,6952,27899,78251,8571,13561,13835,16334,15567,15761,21961,11832,8638,34685,42536,12432,10704,9723,13357,26178,62649,9696,8479,22955,7488,26038,22436,22985,21519,7194,86335,24437,8930,19778,8867,11659,7754,10129,7629,35738,6902,9463,8387,12384,9413,99307,9096,19245,8985,46234,8813,10880
constitucional,14247,32413,16952,24964,19053,66709,15196,26191,86460,14626,39206,136380,38322,34889,148865,25805,22532,17735,22315,18928,49539,59089,22629,31002,31889,20584,6823,0,25049,16604,16189,45105,80878,21172,24945,13532,26566,44321,57717,25466,9858,33897,15614,21126,29376,75904,41119,20054,31619,8670,66733,32031,30287,14487,21064,28387,21622,17084,16987,18131,13099,18858,20142,26526,33770,57827,50156,23641,62769,64502,11458,25791,33429,28343,25384,26271,52026,16252,39918,41534,41993,41860,43871,14445,28982,23547,23651,19861,30109,14325,58966,18467,26831,18860,13129,16549,13641,57192,16934,13225,41420,126348,34995,27506,21936,45450,24347,36375,27035,32426,15403,101255,70274,24068,28874,23297,27794,46025,98286,15228,16781,56587,19573,49245,44884,43671,29826,16336,186586,56734,21928,51806,20456,26142,9280,28183,14212,58171,14065,13669,26914,31825,12033,194602,12593,30363,14221,83401,21342,15066
contradicción,31174,54412,33072,44308,32680,133984,29772,46840,159299,27931,67758,235268,71847,58147,263987,54753,32144,30216,46990,31552,101939,90629,41256,53060,51989,33375,14322,25049,0,35143,28753,87732,144867,40458,41009,26867,48346,71285,107445,49012,19483,73366,31757,31611,47775,144728,67551,38544,67293,16526,111716,43187,61331,26853,37941,53883,44613,35126,27871,30369,26894,36293,39329,49261,56535,52968,98941,45064,117721,116150,21051,55854,50079,56872,39851,37109,84453,29845,72353,84181,80254,73355,76943,22604,38763,18204,32569,30722,52203,25791,122534,37800,50019,37760,18040,20841,21313,104197,26892,21773,79872,213664,66135,61951,49369,80146,42785,59338,42457,32947,24389,146960,146287,49512,48718,42691,39750,104040,191260,26816,27936,102023,42456,84008,71558,83243,57654,32735,332267,94117,32185,101754,39875,39310,17232,47030,27089,110389,31335,28321,46894,65258,19986,353003,25015,64239,24743,172500,22789,25195
contradictorio,16877,27866,16893,23945,18667,70055,17298,26267,89738,14892,40281,134943,40941,31404,163381,34178,17781,17350,23006,16146,72873,52094,23218,25505,28566,20957,9474,16604,35143,0,15070,43567,81052,20039,23236,16738,34733,40865,56539,24912,10566,37471,20514,16993,25398,74195,34502,22462,34620,9295,61018,26596,32576,14234,19542,26516,22276,19023,19071,17355,15185,20890,20577,25955,31103,35719,56553,22639,62834,61177,15421,33491,27056,30554,25453,18578,50558,15816,47658,44981,39062,43304,42013,14372,21103,10667,18962,19596,30353,15032,62960,20516,28282,21731,15484,13037,12549,56201,15307,12034,41041,128759,31569,43145,32869,41159,25611,34310,29360,21632,15743,78429,76498,24558,25407,22318,23700,60982,124080,15651,17200,54575,26256,47828,47920,48497,37393,17301,177063,51999,22492,49535,20084,25121,11925,24278,16224,68398,18436,14895,25864,32858,11782,196349,15395,32820,14221,110712,15557,12668
corresponde,17016,32996,20173,26023,17670,78274,16854,28033,91082,15751,40799,139634,40136,35473,144166,27033,21474,18073,27654,19674,49801,55701,24459,33399,32344,20750,8030,16189,28753,15070,0,52214,83137,25113,24710,14086,27045,43462,60045,28326,11434,40112,15531,19207,27834,85254,41668,21146,37563,9792,66500,25650,34012,16304,23307,31854,24569,20227,16317,18159,14365,19968,22860,27858,34418,39766,55723,26249,70538,70888,11869,27835,34935,32711,23588,26584,52453,18674,38295,47145,46668,43579,46417,13058,24894,15388,20375,18610,31029,15716,66804,21378,28379,20829,8301,13001,13377,61315,16657,13365,48929,125714,38424,27662,22617,47078,25021,36110,23857,23070,14250,92405,86767,28825,29405,25058,24951,52701,100605,15046,15595,59481,20353,49482,41294,46420,30767,18395,196674,56311,18383,59868,23256,24549,9282,29475,14887,59361,15254,16692,26593,37457,12868,207945,13829,37576,15586,87288,15569,15282
cp,52415,119350,62556,89725,56665,267021,50309,85191,289242,51244,123991,451736,134006,125359,423116,76730,70981,57879,90931,65813,120307,168320,81621,122348,95798,62485,18740,45105,87732,43567,52214,0,270770,80565,81659,41317,57622,133757,218891,97667,32066,140922,46196,60406,95795,302334,150432,61780,128476,21940,216709,75688,107844,44832,79162,113782,87172,63906,44191,55076,42895,61606,73171,94731,117540,79284,183660,98780,237557,256808,24934,87312,110149,102590,60431,72746,154387,51470,87359,148423,193640,116813,163589,30884,89502,33446,52854,56680,98676,48897,248147,65584,95848,70700,9617,31621,35950,182428,44240,40545,193033,360643,151870,85134,63868,153316,72069,111326,55109,55664,39090,300397,260577,95669,96283,83755,65593,161823,272077,43954,46361,204093,64543,140805,126367,141746,79674,61095,652232,179376,55038,204160,78899,81456,20906,108760,41285,160589,45332,53428,89077,132454,34385,649690,32413,114010,44246,262033,34217,39829
cpp,98884,168397,97485,132196,88588,395166,82044,139493,473382,78979,205233,728339,212712,178000,723295,134034,101345,90986,130387,98863,240042,269854,118666,158488,159747,103194,34813,80878,144867,81052,83137,270770,0,125278,127132,69182,98652,211833,317953,143010,57679,216677,90393,98544,150328,413758,202995,105801,192930,49163,343363,135191,169205,79869,114900,156013,125022,100047,82885,91137,70330,102206,113138,145169,176255,175267,297577,131872,349384,357181,52434,145010,170324,179269,116043,121770,273699,88186,187532,233300,236717,202213,238455,62016,124908,68435,99591,94162,150060,76435,352380,109859,146290,105519,21419,59779,70302,302916,80939,68178,241173,572096,193879,143869,117971,233851,130932,185994,105100,117434,71751,467192,424654,146111,143936,125160,120820,275404,502646,76128,83586,298947,108997,252363,216351,240773,148450,92067,997021,279210,98036,294975,115600,130390,42521,147173,73479,293254,78409,80032,135112,179611,62577,1046136,65701,183686,73380,443999,73031,75447
cuanto,27509,48116,32400,41300,24575,118255,24689,42599,137806,24794,61766,206947,57466,53530,202482,36679,31320,28799,40451,30418,70820,80269,36503,53606,48147,30804,13008,21172,40458,20039,25113,80565,125278,0,36867,18763,37184,64481,84178,41310,17716,60125,22930,27136,40421,125673,59017,30664,54903,15080,93756,35333,49878,26870,38322,44710,35040,30811,23859,25246,21103,30157,34524,43926,52741,50622,90861,38580,107936,108829,17078,39792,58653,48039,34105,40027,81351,28639,53814,68902,66250,63849,70097,17744,34801,18648,28249,27195,45139,24623,93795,32244,42452,30220,8507,16372,20856,89349,26775,20654,77918,182035,54730,36704,30721,65193,37326,55230,33231,32555,21134,129789,136313,44428,42241,36996,35195,73998,139687,24403,23083,86398,25613,74683,63659,69112,45302,26638,296927,83270,24325,87274,33855,36698,13135,46711,21998,86839,20989,26331,36706,55439,21508,317879,20075,60912,24656,121394,20708,29921
cuenta,25996,51016,29169,40677,25990,117106,24733,41710,136390,23537,60180,209507,62217,55816,216771,37610,33776,27952,39268,31008,68897,82910,36213,51709,46209,30936,11862,24945,41009,23236,24710,81659,127132,36867,0,19766,37189,67023,93369,42091,15760,60716,23790,30005,44193,127269,63378,30158,54850,12879,99509,39049,49170,23043,35731,47428,36329,28974,24095,26486,20777,30006,33431,43842,52830,61344,89025,40454,107485,109755,15787,40547,51925,47754,34403,39297,79982,25776,50930,68082,73727,60847,72085,18166,40919,25764,31049,28349,46212,23700,102114,31256,42280,31461,11193,18574,20120,87417,24553,19606,83872,181387,58680,40684,32803,68711,36755,53858,33784,36764,21253,142955,124124,42925,44539,37792,37180,76142,143524,22214,23871,91799,30058,71132,65986,69360,43086,27008,296493,84690,29098,88708,33862,39446,12948,45989,20945,83373,21461,23276,40067,54533,19066,307414,18362,54513,22338,129362,23893,20708
cumplimiento,13682,26178,13634,20547,16228,61219,15307,22265,75412,12727,31320,116024,36125,28181,128517,26418,16563,13808,21806,14925,53513,43119,20281,23395,25545,16096,7606,13532,26867,16738,14086,41317,69182,18763,19766,0,25709,33684,50614,22830,9063,33518,15782,14775,22995,67228,32677,18345,31024,8007,55344,22904,28075,12406,16257,25388,20814,15236,14176,15466,12122,16738,17645,23030,27918,32118,44571,21289,53239,53482,11133,26521,22843,26487,20777,17862,37884,13021,38573,39681,38164,35231,35147,11311,19677,11070,17086,14872,25312,12483,56090,16887,23943,18848,10801,11417,10059,49226,12880,10660,39687,106198,31148,28939,23949,38848,21172,27781,23559,18237,13231,72570,62206,22130,23046,21083,20242,49614,98250,13093,12362,47699,22518,39437,32761,40184,29709,15665,152712,44220,15358,46862,18224,19018,9859,22080,12079,54292,14821,12139,23635,28898,8903,163743,12355,26453,11435,82742,13527,9840
código,28113,39998,29550,40427,26350,104841,31811,43032,142263,27465,72081,230555,66211,55543,256649,50802,36217,32374,37232,30614,135950,91512,42759,47374,55493,34397,28165,26566,48346,34733,27045,57622,98652,37184,37189,25709,0,75171,63481,34406,19436,47294,27804,22707,31943,124657,52372,41437,40383,19204,98115,41894,53011,28504,36277,35783,26311,30029,33063,29026,24560,32612,32326,37409,49992,87709,87722,32117,104957,93944,36815,44780,60643,41229,51876,49690,82978,32712,90470,75412,46160,87187,61891,24800,28304,25728,36370,30789,52263,27480,63155,32934,43964,35355,49272,23972,24802,94870,37213,22785,78925,300083,36500,52289,46775,58290,49595,57923,89815,42789,29860,123436,131175,38706,41186,36818,45571,79449,219023,29472,22967,77902,28875,81326,71521,79970,76438,24986,286001,86220,28156,71937,28944,38224,27173,40761,25633,119319,23216,27415,32153,49749,29005,324629,30435,59443,30929,163962,31021,29438
debe,44231,86964,51932,71313,43975,201865,41447,72947,241218,42943,110739,359927,100301,96910,373472,65611,55022,51579,69198,54348,125162,149659,64078,92253,83255,55888,21831,44321,71285,40865,43462,133757,211833,64481,67023,33684,75171,0,154366,72917,27651,102148,40152,48142,71106,220631,107293,55641,89773,24078,175266,67959,90462,43369,65065,80424,60517,50321,43326,46065,36617,52518,59320,73553,91372,97144,152284,67715,187333,191330,29881,67325,96450,79028,63599,75378,142382,51868,94534,122163,118668,112584,126788,32327,65683,40852,51065,51123,82076,41370,165323,54504,75435,53345,25072,30909,35647,152579,47616,34385,135160,338575,95363,68897,55998,116224,64463,101172,68913,64669,38321,242169,221697,73719,79024,65784,62780,125376,254872,39860,42109,152543,46915,130510,117193,120968,78327,45448,513230,152852,50883,153904,59003,69743,24072,81369,38881,153094,36439,43180,64638,99115,36330,543638,35702,99297,41158,222727,38859,39977
debido,57190,144123,66641,99465,71027,310200,55501,94769,343982,57934,135993,506688,154927,141309,520312,95287,74403,62746,105354,74543,133299,192901,91574,128235,105114,73261,17224,57717,107445,56539,60045,218891,317953,84178,93369,50614,63481,154366,0,116822,33302,175189,61407,74588,121158,340407,171806,69093,155746,22368,268843,95011,128546,48334,83659,137077,110697,70873,47936,65296,49367,67947,83422,112229,131600,92841,201929,116185,262816,291397,24903,103168,104624,119166,68558,77604,179516,55048,95869,174429,229730,127988,190840,35649,107261,40662,64979,67699,114733,52091,309462,77356,109239,83590,13891,40278,41255,212601,48574,43453,188737,399951,183619,107741,79035,183710,78353,132183,68538,63441,44910,375546,294103,110497,116486,96443,77183,198843,322575,45749,57304,244281,87480,164641,144714,169403,85613,73444,748553,208283,74239,246110,93411,94167,22298,117029,47376,185327,57674,55543,110252,152124,33175,729026,33231,124021,44786,326925,40404,36249
decir,26958,63490,32400,47126,30914,138380,26214,44874,156477,27047,63352,234422,68460,64659,234151,44141,34748,30692,49145,34358,69502,92186,41918,60314,51140,33263,9358,25466,49012,24912,28326,97667,143010,41310,42091,22830,34406,72917,116822,0,16834,76197,26098,32941,50983,153281,76143,34509,68114,12587,117664,42498,59377,23553,39986,60640,47934,31704,24082,29907,23374,33101,39419,50041,61048,49326,92050,51011,122879,133043,13575,46781,53973,55105,34608,39629,82138,28253,51771,80650,98251,63436,85284,17961,46720,19861,31073,31479,53913,25281,131161,35677,50559,37029,8096,18155,20211,99766,25282,21543,86351,194972,78793,47965,35137,82409,37873,61435,32599,33582,21829,163762,142616,51364,52881,46730,37709,88583,154091,23270,26787,106842,36832,78160,65722,77360,44582,32686,340845,96324,30755,110451,43124,41349,12137,55865,23364,89824,25192,25825,49050,68987,17380,344938,18722,60381,22831,144886,20575,21946
declaró,12842,18418,14129,17325,10864,49685,12003,19309,60852,10699,27964,93555,26336,21557,98019,18109,13565,12476,16089,12421,40603,35902,15991,20018,22444,13237,6349,9858,19483,10566,11434,32066,57679,17716,15760,9063,19436,27651,33302,16834,0,24571,11185,12268,17150,51911,22836,15564,23146,9093,41366,16955,22338,12727,15433,17438,13673,13809,12143,11654,9824,14097,14843,18220,21478,29175,39743,14674,45485,41791,9836,20055,27115,21866,17544,18837,37424,13536,31925,31231,22922,30717,27371,9359,13357,10415,13956,11659,19223,10534,37084,14448,17852,12692,5331,8523,10374,40895,12402,9820,32222,85060,19869,18681,15738,28610,18885,24847,18252,16897,10568,55553,60550,18404,17492,15690,17488,35960,75473,11315,10140,34625,12255,35077,27769,32249,24732,11651,129406,35408,10642,34705,13734,15585,7210,17610,10821,44486,9843,11451,15150,21881,9764,144576,10874,27118,10973,59211,11742,14270
